structure(list(Serve_Speed = c("194", "135", "189", "197", "187", 
"161", "178", "201", "134", "189", "145", "195", "139", "185", 
"143", "199", "195", "148", "193", "139", "194", "191", "194", 
"171", "189", "142", "196", "150", "192", "143", "192", "140", 
"194", "149", "164", "153", "179", "188", "191", "138", "190", 
"157", "141", "190", "132", "188", "184", "194", "189", "162", 
"193", "197", "191", "143", "194", "142", "187", "192", "184", 
"163", "187", "176", "189", "126", "189", "179", "187", "184", 
"190", "130", "166", "151", "190", "154", "189", "193", "144", 
"173", "192", "174", "188", "149", "193", "150", "190", "179", 
"186", "179", "147", "193", "158", "193", "130", "170", "190", 
"193", "185", "196", "192", "196", "180", "193", "168", "142", 
"191", "188", "123", "194", "193", "146", "195", "139", "192", 
"184", "193", "176", "150", "189", "186", "137", "179", "151", 
"193", "165", "186", "168", "186", "146", "186", "176", "186", 
"149", "193", "183", "191", "188", "181", "162", "185", "174", 
"190", "140", "195", "184", "167", "183", "169", "191", "169", 
"186", "139", "191", "192", "189", "194", "189", "139", "167", 
"189", "197", "131", "189", "139", "172", "192", "152", "161", 
"189", "154", "164", "186", "177", "166", "143", "189", "169", 
"180", "140", "169"), Set = c(1L, 1L, 1L, 1L, 1L, 1L, 1L, 1L, 
1L, 1L, 1L, 1L, 1L, 1L, 1L, 1L, 1L, 1L, 1L, 1L, 1L, 1L, 1L, 1L, 
1L, 1L, 1L, 1L, 1L, 1L, 1L, 1L, 1L, 1L, 1L, 1L, 1L, 1L, 1L, 1L, 
1L, 2L, 2L, 2L, 2L, 2L, 2L, 2L, 2L, 2L, 2L, 2L, 2L, 2L, 2L, 2L, 
2L, 2L, 2L, 2L, 2L, 2L, 2L, 2L, 2L, 2L, 2L, 2L, 2L, 2L, 2L, 2L, 
2L, 2L, 2L, 2L, 2L, 2L, 2L, 2L, 2L, 2L, 2L, 2L, 2L, 2L, 2L, 2L, 
2L, 2L, 2L, 2L, 2L, 2L, 2L, 2L, 2L, 2L, 2L, 2L, 2L, 2L, 3L, 3L, 
3L, 3L, 3L, 3L, 3L, 3L, 3L, 3L, 3L, 3L, 3L, 3L, 3L, 3L, 3L, 3L, 
3L, 3L, 3L, 3L, 3L, 3L, 4L, 4L, 4L, 4L, 4L, 4L, 4L, 4L, 4L, 4L, 
4L, 4L, 4L, 4L, 4L, 4L, 4L, 4L, 4L, 4L, 4L, 4L, 4L, 4L, 4L, 4L, 
4L, 4L, 4L, 4L, 4L, 4L, 4L, 4L, 4L, 4L, 4L, 4L, 4L, 4L, 4L, 4L, 
4L, 4L, 4L, 4L, 4L, 4L, 4L, 4L, 4L, 4L, 4L), Shot_Type = c("1st Serve", 
"2nd Serve", "1st Serve", "1st Serve", "1st Serve", "1st Serve", 
"1st Serve", "1st Serve", "2nd Serve", "1st Serve", "2nd Serve", 
"1st Serve", "2nd Serve", "1st Serve", "2nd Serve", "1st Serve", 
"1st Serve", "2nd Serve", "1st Serve", "2nd Serve", "1st Serve", 
"1st Serve", "1st Serve", "1st Serve", "1st Serve", "2nd Serve", 
"1st Serve", "2nd Serve", "1st Serve", "2nd Serve", "1st Serve", 
"2nd Serve", "1st Serve", "2nd Serve", "1st Serve", "2nd Serve", 
"1st Serve", "1st Serve", "1st Serve", "2nd Serve", "1st Serve", 
"1st Serve", "2nd Serve", "1st Serve", "2nd Serve", "1st Serve", 
"1st Serve", "1st Serve", "1st Serve", "1st Serve", "1st Serve", 
"1st Serve", "1st Serve", "2nd Serve", "1st Serve", "2nd Serve", 
"1st Serve", "1st Serve", "1st Serve", "1st Serve", "1st Serve", 
"1st Serve", "1st Serve", "2nd Serve", "1st Serve", "1st Serve", 
"1st Serve", "1st Serve", "1st Serve", "2nd Serve", "1st Serve", 
"2nd Serve", "1st Serve", "1st Serve", "1st Serve", "1st Serve", 
"2nd Serve", "1st Serve", "1st Serve", "1st Serve", "1st Serve", 
"2nd Serve", "1st Serve", "2nd Serve", "1st Serve", "1st Serve", 
"1st Serve", "1st Serve", "2nd Serve", "1st Serve", "1st Serve", 
"1st Serve", "2nd Serve", "1st Serve", "1st Serve", "1st Serve", 
"1st Serve", "1st Serve", "1st Serve", "1st Serve", "1st Serve", 
"1st Serve", "1st Serve", "2nd Serve", "1st Serve", "1st Serve", 
"2nd Serve", "1st Serve", "1st Serve", "2nd Serve", "1st Serve", 
"2nd Serve", "1st Serve", "1st Serve", "1st Serve", "1st Serve", 
"2nd Serve", "1st Serve", "1st Serve", "2nd Serve", "1st Serve", 
"2nd Serve", "1st Serve", "1st Serve", "1st Serve", "1st Serve", 
"1st Serve", "2nd Serve", "1st Serve", "1st Serve", "1st Serve", 
"2nd Serve", "1st Serve", "1st Serve", "1st Serve", "1st Serve", 
"1st Serve", "1st Serve", "1st Serve", "1st Serve", "1st Serve", 
"2nd Serve", "1st Serve", "1st Serve", "1st Serve", "1st Serve", 
"1st Serve", "1st Serve", "1st Serve", "1st Serve", "2nd Serve", 
"1st Serve", "1st Serve", "1st Serve", "1st Serve", "1st Serve", 
"2nd Serve", "1st Serve", "1st Serve", "1st Serve", "2nd Serve", 
"1st Serve", "2nd Serve", "1st Serve", "1st Serve", "2nd Serve", 
"1st Serve", "1st Serve", "2nd Serve", "1st Serve", "1st Serve", 
"1st Serve", "1st Serve", "2nd Serve", "1st Serve", "1st Serve", 
"1st Serve", "2nd Serve", "1st Serve"), Point_Winner = c("-", 
"-", "-", "-", "-", "-", "-", "-", "-", "-", "-", "-", "-", "-", 
"-", "-", "-", "-", "-", "-", "-", "-", "1", "-", "-", "-", "-", 
"-", "-", "-", "-", "-", "-", "-", "-", "-", "-", "-", "-", "-", 
"-", "", "", "", "2", "", "", "", "", "", "", "", "", "", "", 
"", "", "", "", "", "", "", "", "", "", "", "", "", "", "", "", 
"", "", "", "1", "", "", "", "", "", "", "", "", "", "", "", 
"", "", "2", "", "", "", "", "", "", "", "", "", "", "", "", 
"", "", "", "", "", "", "", "", "", "", "", "", "", "", "", "", 
"", "", "", "", "2", "", "", "1", "", "", "", "", "", "", "2", 
"", "", "", "", "", "", "", "", "", "", "", "", "", "", "", "", 
"", "", "", "", "", "", "", "", "", "", "", "", "", "", "", "", 
"", "", "", "", "", "", "", "", "", "", "", "", "", "", ""), 
    Stroke_Number = c(0L, 1L, 1L, 1L, 4L, 1L, 1L, 0L, 1L, 0L, 
    1L, 0L, 1L, 0L, 1L, 1L, 0L, 1L, 0L, 1L, 1L, 1L, 1L, 1L, 0L, 
    1L, 0L, 1L, 0L, 1L, 0L, 1L, 0L, 1L, 0L, 1L, 1L, 1L, 0L, 1L, 
    1L, 0L, 1L, 0L, 1L, 1L, 1L, 1L, 1L, 1L, 1L, 1L, 0L, 1L, 0L, 
    1L, 1L, 1L, 1L, 1L, 1L, 1L, 0L, 1L, 1L, 1L, 1L, 1L, 0L, 1L, 
    0L, 1L, 1L, 1L, 1L, 0L, 1L, 1L, 1L, 1L, 0L, 1L, 0L, 1L, 1L, 
    1L, 1L, 0L, 1L, 1L, 1L, 0L, 1L, 1L, 1L, 1L, 1L, 1L, 1L, 1L, 
    1L, 1L, 0L, 1L, 1L, 0L, 1L, 1L, 0L, 1L, 0L, 1L, 1L, 1L, 1L, 
    0L, 1L, 1L, 0L, 1L, 0L, 1L, 1L, 1L, 1L, 1L, 0L, 1L, 1L, 1L, 
    0L, 1L, 1L, 1L, 1L, 1L, 1L, 1L, 1L, 1L, 0L, 1L, 1L, 1L, 1L, 
    1L, 0L, 1L, 1L, 0L, 1L, 1L, 1L, 1L, 1L, 0L, 1L, 1L, 1L, 0L, 
    1L, 0L, 1L, 1L, 0L, 1L, 1L, 0L, 1L, 1L, 1L, 1L, 0L, 1L, 1L, 
    1L, 0L, 1L, 1L),